An: 0.02662694665
Ap: 0.071
Vn: 0
Vp: 0
alphan: 0.7013461469
alphap: 9.2
bmax_n: 6.272960721
bmax_p: 4.988561168
bmin_n: 3.295533935
bmin_p: 0.002125127287
gmax_n: 8.44e-6
gmax_p: 0.0004338454236
gmin_n: 1.45e-05
gmin_p: 0.03135053798
x0: 0.0
xn: 0.1433673316
xp: 0.11
