{
"An": 0.2130155732,
 "Ap": 0.071,
 "Vn": 0,
 "Vp": 0,
 "alphan": 21.040384406999998,
 "alphap": 9.2,
 "bmax_n": 3.9520267779285256,
 "bmax_p": 4.988561168,
 "bmin_n": 0.02811754510744163,
 "bmin_p": 0.002125127287,
 "dt": 0.001,
 "eta": 1,
 "gmax_n": 1.7980192645432986e-06,
 "gmax_p": 0.0004338454236,
 "gmin_n": 2.630532067891402e-06,
 "gmin_p": 0.03135053798,
 "x0": 0.5196300344689345,
 "xn": 0.1433673316,
 "xp": 0.11
 }