{
  "An": 0.24244403991881738,
  "Ap": 0.071,
  "Vn": 0,
  "Vp": 0,
  "alphan": 0.7013461469,
  "alphap": 9.2,
  "dt": 0.001,
  "eta": 1,
  "x0": 0.0,
  "xn": 1.0,
  "xp": 0.11,
  "gmax_p": 0.0004338454236,
  "bmax_p": 4.988561168,
  "gmin_p": 0.03135053798,
  "bmin_p": 0.002125127287,
  "gmax_n": 5.626666666666667e-07,
  "bmax_n": 5.702691564545454,
  "gmin_n": 2.0714285714285713e-06,
  "bmin_n": 0.03295533935
}