{
  "An": 0.2257950756885331,
  "Ap": 0.13687199885198967,
  "Vn": 0,
  "Vp": 0,
  "alphan": 36.60353340621803,
  "alphap": 0.0,
  "bmax_n": 3.18603923690023,
  "bmax_p": 4.988561168,
  "bmin_n": 0.04032736265224424,
  "bmin_p": 0.002125127287,
  "dt": 0.001,
  "eta": 1,
  "gmax_n": 3.062976829712021e-06,
  "gmax_p": 0.0004338454236,
  "gmin_n": 1.2413498990203251e-06,
  "gmin_p": 0.03135053798,
  "x0": 0.5196300344689345,
  "xn": 0.09804129052806028,
  "xp": 0.21178362869042727
}