{
  "An": 0.02662694665,
  "Ap": 0.49699999999999994,
  "Vn": 0,
  "Vp": 0,
  "alphan": 0.7013461469,
  "alphap": 9.2,
  "bmax_n": 0.04778220420444783,
  "bmax_p": 4.988561168,
  "bmin_n": 0.027894082003816396,
  "bmin_p": 0.002125127287,
  "dt": 0.001,
  "eta": 1,
  "gmax_n": 4.2452008651476753e-07,
  "gmax_p": 0.0004338454236,
  "gmin_n": 2.6632608252862294e-07,
  "gmin_p": 0.03135053798,
  "x0": 0.0,
  "xn": 0.1433673316,
  "xp": 0.2051616862715597
}