{
  "An": 0.02662694665,
  "Ap": 0.49699999999999994,
  "Vn": 0,
  "Vp": 0,
  "alphan": 0.7013461469,
  "alphap": 6.048144472759524,
  "bmax_n": 0.059176646824011754,
  "bmax_p": 4.988561168,
  "bmin_n": 0.03898895929668403,
  "bmin_p": 0.002125127287,
  "dt": 0.001,
  "eta": 1,
  "gmax_n": 4.042265441312567e-07,
  "gmax_p": 0.0004338454236,
  "gmin_n": 1.8748662407337577e-07,
  "gmin_p": 0.03135053798,
  "x0": 0.0,
  "xn": 0.1433673316,
  "xp": 0.11
}